2013-03-31 05:33:36.097968; (0.37721237244975536, 0.3459455798239852, 0.40023128241074213)rot: [ 0.9999601   0.00662556 -0.00599159],[-0.00658343  0.99995365  0.00702489],[ 0.00603785 -0.00698517  0.99995737]
2013-03-31 05:33:36.177416; (0.3865174290678291, 0.42827044308172935, 0.5275452710964411)rot: [ 0.99994931  0.00681448 -0.00741206],[-0.00674576  0.99993439  0.00925748],[ 0.00747466 -0.00920701  0.99992968]
2013-03-31 05:33:36.227311; (0.38919211381358304, 0.3140095178616108, 0.6265802130066064)rot: [ 0.99996191  0.00685216 -0.00540574],[-0.00679253  0.99991673  0.01097264],[ 0.00548047 -0.01093551  0.99992519]
2013-03-31 05:33:36.306843; (0.38941948669177623, 0.6434814318790206, 0.8887680249922018)rot: [ 0.99991384  0.00696998 -0.0111236 ],[-0.00679617  0.99985541  0.01558727],[ 0.01123063 -0.01551033  0.99981663]
2013-03-31 05:33:36.377361; (0.37656627589972447, 1.2143988542344362, 0.6719942419614984)rot: [ 0.9997538   0.00682038 -0.02111467],[-0.0065708   0.99990799  0.01186727],[ 0.02119367 -0.01172561  0.99970663]
2013-03-31 05:33:36.431407; (0.38179855171287036, 0.6288771348446263, 0.8495902994954674)rot: [ 0.99991756  0.0068256  -0.0108755 ],[-0.00666319  0.99986678  0.01490041],[ 0.01097576 -0.01482671  0.99982984]
2013-03-31 05:33:36.493819; (0.38388451297398085, 0.24041122795064213, 1.812896054262003)rot: [ 0.99996875  0.00682938 -0.0039818 ],[-0.00669994  0.99947614  0.03166311],[ 0.00419596 -0.03163545  0.99949067]
2013-03-31 05:33:36.577384; (0.3785062745603404, 0.2538986685410562, 2.1765751534535664)rot: [ 0.99996836  0.00676966 -0.00417716],[-0.00660607  0.99925561  0.03800769],[ 0.00443135 -0.03797889  0.99926872]
2013-03-31 05:33:36.627332; (0.36789308644854923, 0.768684575639456, 2.109766987256841)rot: [ 0.99988939  0.00691042 -0.01316992],[-0.00642032  0.99929836  0.03689938],[ 0.01341567 -0.03681075  0.9992322 ]
2013-03-31 05:33:36.677787; (0.3678020054983802, 0.8156173867952358, 1.8504647973101367)rot: [ 0.99987808  0.00687561 -0.01401973],[-0.00641866  0.99945496  0.03238175],[ 0.01423473 -0.03228782  0.99937724]
2013-03-31 05:33:36.727515; (0.3749364870234933, 0.8502436989941368, 2.0207855654310753)rot: [ 0.99986849  0.007063   -0.01459871],[-0.00654311  0.99935328  0.03535834],[ 0.01483901 -0.03525817  0.99926806]
2013-03-31 05:33:36.812786; (0.3633574951324537, 1.301253282729192, 1.8214036542962144)rot: [ 0.99972201  0.00706032 -0.0224957 ],[-0.00634011  0.99947008  0.03192744],[ 0.0227092  -0.03177594  0.999237  ]
2013-03-31 05:33:37.089081; (0.3481453428696915, 1.8034423725657645, 1.9289716815601166)rot: [ 0.99948622  0.00713211 -0.03124787],[-0.00607324  0.99940844  0.03385104],[ 0.03147081 -0.03364387  0.99893828]
2013-03-31 05:33:37.134322; (-0.7139679798965581, 1.941085615660381, 0.19343083976775072)rot: [ 0.99934859 -0.01234636 -0.0339111 ],[ 0.01245362  0.99991809  0.00295367],[ 0.03387185 -0.00337406  0.99942049]
2013-03-31 05:33:37.177499; (-0.3152688039782823, 1.7580614739184812, -0.18078844538119587)rot: [ 0.99951415 -0.00559923 -0.03066117],[ 0.00549986  0.99997935 -0.00332411],[ 0.03067915  0.00315386  0.99952431]
2013-03-31 05:33:37.227667; (-0.7583167139162784, 1.8112583067333174, 1.4625927829229766)rot: [ 0.99941283 -0.01242375 -0.0319319 ],[ 0.01322812  0.99959732  0.02510388],[ 0.03160716 -0.02551153  0.99917473]
2013-03-31 05:33:37.306420; (-0.333580198635127, 1.4944951064646743, 1.335620711655679)rot: [ 0.99964289 -0.00521255 -0.02620908],[ 0.00582006  0.99971491  0.02315667],[ 0.0260809  -0.02330094  0.99938824]
2013-03-31 05:33:37.377474; (-0.36789276336067434, 1.3572540697882716, 1.5478114583997349)rot: [ 0.99969883 -0.00577877 -0.02385064],[ 0.00641909  0.99961863  0.02685853],[ 0.02368634 -0.02700354  0.99935467]
2013-03-31 05:33:37.427589; (-0.10644272216011808, 0.619493077626031, 2.5248012579132033)rot: [ 0.99993982 -0.00137968 -0.01088331],[ 0.00185767  0.99902841  0.04403169],[ 0.01081198 -0.04404926  0.99897085]
2013-03-31 05:33:37.477295; (-0.47848599893337546, 0.2838159453095585, 2.99000104930162)rot: [ 0.99995286 -0.00808132 -0.00538219],[ 0.00835096  0.99860599  0.05211855],[ 0.0049535  -0.05216104  0.9986264 ]
2013-03-31 05:33:37.538456; (-0.0715863310451176, 0.6748994483828886, 3.0352835206837687)rot: [  9.99929845e-01  -6.23958619e-04  -1.18285692e-02],[ 0.00124933  0.99859712  0.05293618],[ 0.01177895 -0.05294724  0.99852784]
2013-03-31 05:33:37.627584; (0.1655893955680032, 0.650200885062686, 2.159843408261465)rot: [ 0.99993143  0.00331569 -0.01123087],[-0.00288989  0.99928417  0.03772007],[ 0.0113479  -0.03768502  0.99922523]
2013-03-31 05:33:37.677633; (0.1311978159625916, 0.4913803611372428, 1.4836732338489513)rot: [ 0.9999606   0.00251112 -0.00851391],[-0.00228975  0.99966161  0.02591165],[ 0.0085761  -0.02589114  0.99962798]
2013-03-31 05:33:37.727546; (-0.04852133771448694, -0.1650371280747344, 2.8470200848533884)rot: [  9.99995493e-01  -9.88881358e-04   2.83481807e-03],[  8.46853486e-04   9.98765233e-01   4.96718473e-02],[-0.00288044 -0.04966922  0.99876157]
2013-03-31 05:33:37.812126; (0.17739529741162186, -0.17465558208089224, 2.187893420631691)rot: [ 0.99999056  0.0029775   0.00316427],[-0.00309611  0.99926658  0.03816705],[-0.00304831 -0.03817649  0.99926636]
2013-03-31 05:33:38.088126; (0.562309336158, 1.5105972179995422, 1.3858743257451727)rot: [ 0.99960432  0.01044867 -0.0261155 ],[-0.00981058  0.99965308  0.02444319],[ 0.02636184 -0.02417731  0.99936005]
2013-03-31 05:33:38.133402; (1.1879638324307813, 0.9708728793202354, 1.0433361912300863)rot: [ 0.99964153  0.02103742 -0.01656016],[-0.02072942  0.99961291  0.01855597],[ 0.01694412 -0.01820603  0.99969067]
2013-03-31 05:33:38.177447; (1.1856514000047054, 0.5725806378266449, 1.0900993033357012)rot: [ 0.99973597  0.02087838 -0.00959564],[-0.02069101  0.99960102  0.01922734],[ 0.00999325 -0.01902372  0.99976909]
2013-03-31 05:33:38.227290; (1.1794184736129092, 0.11391936658654671, 1.169148431826844)rot: [ 0.99978617  0.02061956 -0.00156745],[-0.02058324  0.99957917  0.02044067],[ 0.00198827 -0.02040403  0.99978984]
2013-03-31 05:33:38.305922; (1.1721349256016136, -0.43356041102285725, 1.4963349835985764)rot: [ 0.99976213  0.02025166  0.00809699],[-0.0204556   0.99945386  0.0259528 ],[-0.00756698 -0.02611226  0.99963038]
2013-03-31 05:33:38.377374; (1.1657025865324075, -0.43244624750127486, 1.5733148468046665)rot: [ 0.99976456  0.02012909  0.0081017 ],[-0.02034337  0.99942035  0.0272969 ],[-0.00754754 -0.02745529  0.99959454]
2013-03-31 05:33:38.427292; (1.1324823815623617, 0.2517731523648685, 1.7306352543533559)rot: [ 0.99979502  0.01988793 -0.0037945 ],[-0.01976407  0.99934599  0.0302816 ],[ 0.00439426 -0.0302004   0.9995342 ]
2013-03-31 05:33:38.477176; (1.130591304904833, -0.17146184468462866, 1.30146827520784)rot: [ 0.99980084  0.01965821  0.00343937],[-0.01973117  0.99954874  0.0226495 ],[-0.00299257 -0.02271285  0.99973755]
2013-03-31 05:33:38.527784; (1.1666849923505698, -2.6074541410828616, 1.561032223774424)rot: [ 0.99875757  0.01911448  0.04602131],[-0.02034001  0.99944688  0.02631019],[-0.04549295 -0.02721358  0.99859392]
2013-03-31 05:33:38.627477; (1.1032153684571315, -1.3058341669745044, 2.712038082380524)rot: [ 0.99955498  0.01815389  0.0236704 ],[-0.01924855  0.99871556  0.04686927],[-0.02278913 -0.04730403  0.99862054]
2013-03-31 05:33:38.677550; (1.0331315221242552, -0.2622260485725214, 2.796500629531398)rot: [ 0.99982696  0.01778584  0.00545019],[-0.01803038  0.99865077  0.04869841],[-0.00457669 -0.04878826  0.99879866]
2013-03-31 05:33:38.727505; (0.999885669992422, 0.041277460803762316, 2.8259867692323746)rot: [  9.99847471e-01   1.74647032e-02   1.40911912e-04],[-0.01745041  0.99863117  0.04930783],[  7.20427536e-04  -4.93027652e-02   9.98783619e-01]
2013-03-31 05:33:38.811956; (0.9601210234548684, 0.7187057481591269, 2.590243843055269)rot: [ 0.99978094  0.01730616 -0.0117716 ],[-0.01675517  0.99882852  0.04539651],[ 0.01254345 -0.04518933  0.99889969]
2013-03-31 05:33:39.088471; (0.9708565999672101, 0.2631033730052939, 2.6290868655720687)rot: [ 0.9998459  0.0171366 -0.0038093],[-0.01694365  0.99880044  0.04594126],[ 0.004592   -0.04586964  0.99893688]
2013-03-31 05:33:39.133798; (0.000781103870492054, -0.5367110771590867, 2.9749311954856545)rot: [  9.99956126e-01  -4.72536011e-04   9.35532209e-03],[ -1.36322362e-05   9.98652344e-01   5.18988902e-02],[-0.00936724 -0.05189674  0.99860852]
2013-03-31 05:33:39.177509; (0.2842735140054112, -0.4015307618799114, 3.32638110121339)rot: [ 0.99996314  0.00454651  0.00728397],[-0.00496137  0.99830494  0.05798827],[-0.00700798 -0.05802227  0.99829069]
2013-03-31 05:33:39.227567; (-0.18921108931892236, 0.41735670620306575, 3.923392612425463)rot: [ 0.99996802 -0.00279621 -0.00749303],[ 0.00330226  0.99765263  0.06839825],[ 0.00728418 -0.0684208   0.99762996]
2013-03-31 05:33:39.306481; (0.25486135344932687, 0.4082867835042652, 4.034597705687825)rot: [ 0.99996472  0.0049385  -0.00679519],[-0.00444804  0.99750965  0.07038976],[ 0.00712589 -0.07035705  0.99749642]
2013-03-31 05:33:39.377812; (0.32479063896295784, 0.4661863706704641, 4.4697964527036325)rot: [ 0.99995083  0.00628548 -0.00766974],[-0.00566845  0.99693894  0.07797829],[ 0.0081364  -0.07793098  0.99692555]
2013-03-31 05:33:39.427497; (0.4553355013380627, 1.191977113956225, 4.50295474810262)rot: [ 0.99975203  0.00955565 -0.02011363],[-0.0079453   0.99686883  0.07867283],[ 0.02080242 -0.07849352  0.99669756]
2013-03-31 05:33:39.477348; (0.09611577843954404, 1.0222005463388928, 5.8100425261996325)rot: [ 0.99983945  0.00347485 -0.01757833],[-0.00167727  0.99485855  0.1012603 ],[ 0.01783982 -0.10121456  0.99470466]
2013-03-31 05:33:39.527635; (0.5323985250382282, 1.244920061963622, 3.9798465121730997)rot: [ 0.9997208   0.01077742 -0.021028  ],[-0.00928978  0.99753145  0.06960398],[ 0.02172624 -0.0693892   0.99735305]
2013-03-31 05:33:39.594319; (0.18610387125150682, 0.8749531994803286, 3.771100805322804)rot: [ 0.99987813  0.00424541 -0.01502345],[-0.00324774  0.99782624  0.06581976],[ 0.01527022 -0.06576295  0.99771842]
2013-03-31 05:33:39.677616; (0.2529037367128466, 1.4184951236675345, 3.888181774880591)rot: [ 0.99968381  0.00608243 -0.02439835],[-0.00441264  0.99768116  0.06791786],[ 0.02475488 -0.06778872  0.99739254]
2013-03-31 05:33:39.727550; (-0.1137523255121146, 1.617208228509344, 3.2673875035223103)rot: [  9.99599714e-01  -3.73600566e-04  -2.82890848e-02],[ 0.00198456  0.99837565  0.05693971],[ 0.02822186 -0.05697306  0.99797675]
2013-03-31 05:33:39.812483; (-0.13771125853146143, 1.5381705341129728, 2.275125674635478)rot: [ 0.99963678 -0.00133601 -0.02691709],[ 0.00240265  0.9992114   0.03963342],[ 0.02684292 -0.0396837   0.99885167]
2013-03-31 05:33:40.387415; (0.13915070609434077, 2.289847534896718, 2.6519880836282765)rot: [ 0.99919854  0.00427471 -0.03979946],[-0.0024267   0.99892156  0.04636619],[ 0.03995474 -0.04623245  0.99813134]
2013-03-31 05:33:40.475774; (0.17349980472883914, 1.2578075505570183, 2.9073048917362403)rot: [ 0.99975446  0.0041376  -0.02176918],[-0.00302741  0.99870495  0.05078642],[ 0.02195112 -0.05070805  0.99847225]
2013-03-31 05:33:40.527645; (0.23246439696462806, 0.4180909160778875, 3.816829292676946)rot: [ 0.99996515  0.00453399 -0.00701067],[-0.00405715  0.99777178  0.06659597],[ 0.007297   -0.06656521  0.99775539]
2013-03-31 05:33:40.577909; (0.23651983251271502, 0.43427001732225806, 2.4915288236916138)rot: [ 0.99996276  0.00445362 -0.00739269],[-0.00412792  0.99904479  0.04350257],[ 0.00757937 -0.04347043  0.99902596]
2013-03-31 05:33:40.644445; (0.29982873779531616, -0.48104649915222586, 4.122056367468085)rot: [ 0.99995106  0.00461595  0.00875007],[-0.00523279  0.99740269  0.0718366 ],[-0.00839575 -0.07187888  0.99737803]
2013-03-31 05:33:40.727464; (0.31401410830535426, -0.7690891222186655, 3.291173932930432)rot: [ 0.99989489  0.00470092  0.01371503],[-0.00548006  0.9983399   0.05733593],[-0.01342273 -0.05740507  0.99826073]
2013-03-31 05:33:40.812964; (0.3192111547952781, -0.8154392244275773, 2.4123335663478858)rot: [ 0.99988321  0.00496731  0.01445328],[-0.00557069  0.99910162  0.04201085],[-0.01423162 -0.04208646  0.99901261]
2013-03-31 05:33:41.097044; (0.27120780618140783, 0.41659454853677275, 2.746416452997651)rot: [ 0.99996236  0.0050764  -0.00703564],[-0.00473333  0.99883855  0.0479495 ],[ 0.00727088 -0.04791439  0.99882498]
2013-03-31 05:33:41.177578; (0.2723425708203701, 0.10894998471447324, 3.262960513536818)rot: [ 0.9999869   0.00485378 -0.00162788],[-0.00475325  0.99836703  0.05692701],[ 0.00190153 -0.05691852  0.99837702]
2013-03-31 05:33:41.227589; (0.27249406986763147, -0.039708708093375074, 3.6277020456985603)rot: [  9.99988450e-01   4.70252042e-03   9.92571476e-04],[-0.0047559   0.99798517  0.06326904],[ -6.93047642e-04  -6.32730348e-02   9.97996013e-01]
2013-03-31 05:33:41.305533; (0.34692994586393516, -1.6619437761111095, 2.8750594071726594)rot: [ 0.99956102  0.00459273  0.029269  ],[-0.00605249  0.99873178  0.04998189],[-0.02900232 -0.0501371   0.99832116]
2013-03-31 05:33:41.377519; (0.34443506790117745, -1.5393708184789698, 2.6664509904749245)rot: [ 0.99962104  0.00475526  0.02711395],[-0.00600932  0.99890675  0.04635939],[-0.02686386 -0.04650476  0.99855678]
2013-03-31 05:33:41.427303; (0.27422768839386386, -0.3016151611574216, 3.040055318988239)rot: [ 0.99997469  0.00450025  0.00551051],[-0.00478609  0.9985826   0.05300832],[-0.00526415 -0.05303335  0.99857887]
2013-03-31 05:33:41.477308; (0.2651061941173272, -0.516351742961264, 2.6526868632410867)rot: [ 0.99994869  0.00420492  0.00921631],[-0.00462677  0.99891967  0.04623943],[-0.00901192 -0.0462797   0.99888787]
2013-03-31 05:33:41.527394; (0.23155232636316955, 0.20593006390766314, 2.6345271281539095)rot: [ 0.99998537  0.00420227 -0.00340456],[-0.00404131  0.99893423  0.04597911],[ 0.00359415 -0.04596467  0.9989366 ]
2013-03-31 05:33:41.577973; (0.19872536301696828, 0.2986342021425641, 1.8889131867334703)rot: [ 0.9999804   0.00363832 -0.00509494],[-0.00346836  0.99945001  0.03297965],[ 0.00521213 -0.03296134  0.99944304]
2013-03-31 05:33:41.627419; (0.20678836881677912, -0.13079152245854128, 1.951087051631746)rot: [ 0.99999088  0.00352932  0.00240428],[-0.00360912  0.99941403  0.03403786],[-0.00228274 -0.03404622  0.99941765]
2013-03-31 05:33:41.686359; (0.19746740032911492, 0.004002382298019218, 2.3453037243726627)rot: [  9.99994059e-01   3.44642113e-03   7.12392406e-05],[-0.00344645  0.99915641  0.04092184],[  6.98547490e-05  -4.09218420e-02   9.99162348e-01]
2013-03-31 05:33:41.744006; (0.16236507132074343, 0.6162745715866846, 1.8909860747965337)rot: [ 0.99993814  0.00318718 -0.0106564 ],[-0.00283364  0.9994504   0.03302827],[ 0.01075581 -0.03299603  0.99939761]
2013-03-31 05:33:42.100036; (0.18638698056677527, 0.04102453856664046, 2.070579032270252)rot: [  9.99994452e-01   3.27680658e-03  -5.98007030e-04],[-0.00325306  0.99934171  0.03613269],[  7.16013211e-04  -3.61305467e-02   9.99346822e-01]
2013-03-31 05:33:42.177357; (0.16234426582901765, 0.5356364688901586, 1.8539639775710373)rot: [ 0.99995229  0.0031344  -0.00925188],[-0.00283331  0.99947166  0.03237847],[ 0.00934848 -0.03235072  0.99943286]
2013-03-31 05:33:42.227093; (0.1700015417250006, 0.4516146648192788, 2.040634585061981)rot: [ 0.99996453  0.00324587 -0.0077714 ],[-0.00296699  0.99936059  0.03563148],[ 0.00788208 -0.03560716  0.99933478]
2013-03-31 05:33:42.305790; (0.21021839639765016, -0.5051376243757628, 4.055727884597312)rot: [ 0.99995441  0.00303627  0.00905356],[-0.00366885  0.9974913   0.07069396],[-0.0088162  -0.07072396  0.99745696]
2013-03-31 05:33:42.377465; (0.20847232922657322, -0.3669095285883486, 3.5308508566918753)rot: [ 0.99997288  0.00323724  0.00661562],[-0.00363845  0.99809661  0.06156231],[-0.00640374 -0.06158471  0.99808132]
2013-03-31 05:33:42.427418; (0.17180547941483204, 0.18842183854742, 3.148909880274778)rot: [ 0.9999901   0.00317468 -0.00311888],[-0.00299855  0.99848511  0.05494078],[ 0.00328858 -0.05493089  0.99848474]
2013-03-31 05:33:42.477175; (0.1654987165112919, 0.09788662496113235, 2.477499567701086)rot: [ 0.99999437  0.00295964 -0.00158198],[-0.00288849  0.99906089  0.0432318 ],[ 0.00170844 -0.04322699  0.99906382]
2013-03-31 05:33:42.527602; (0.18654699656161622, -0.5880157855742056, 1.9407615899157553)rot: [ 0.99994204  0.00290643  0.01036695],[-0.00325568  0.99942221  0.03383263],[-0.01026263 -0.03386442  0.99937374]
2013-03-31 05:33:42.578797; (0.15355233467135093, -0.11090932300077154, 1.541468063561252)rot: [ 0.99999454  0.00262695  0.00200712],[-0.00267999  0.99963467  0.02689517],[-0.00193573 -0.0269004   0.99963624]
2013-03-31 05:33:42.627406; (0.1406981960088314, 0.4642327015437576, 1.1459269562418393)rot: [ 0.99996416  0.00261719 -0.00805155],[-0.00245556  0.99979659  0.0200187 ],[ 0.0081023  -0.01999821  0.99976719]
2013-03-31 05:33:42.677577; (0.132408323883228, 0.8712479979841191, 1.3215709949081365)rot: [ 0.99988172  0.00266104 -0.01514818],[-0.00231069  0.99973052  0.02309879],[ 0.01520556 -0.02306105  0.99961842]
2013-03-31 05:33:42.727389; (0.13389466842874911, 0.10738067726130905, 1.5846441756735423)rot: [ 0.99999551  0.00238783 -0.0018088 ],[-0.0023369   0.99961471  0.02765804],[ 0.00187415 -0.02765368  0.99961581]
2013-03-31 05:33:42.826038; (0.18263044259317773, -1.1513209585328574, 1.9400621862246026)rot: [ 0.99979304  0.00250545  0.02018928],[-0.00318685  0.99942388  0.03378982],[-0.02009299 -0.03384717  0.99922502]
2013-03-31 05:33:43.098937; (0.18127277956468157, -1.0591519802815361, 1.9953134851393042)rot: [ 0.99982414  0.00251829  0.01858349],[-0.00316326  0.99939071  0.03475913],[-0.01848464 -0.0348118   0.99922293]
2013-03-31 05:33:43.177493; (0.15601605221804316, -0.78539128446518, 1.7998660783352372)rot: [ 0.99990234  0.00229113  0.01378595],[-0.00272273  0.9995041   0.031371  ],[-0.01370723 -0.03140547  0.99941273]
2013-03-31 05:33:43.227605; (0.12911969456502176, -0.08820573180539008, 2.1065864241442007)rot: [ 0.99999628  0.00219545  0.00162127],[-0.00225356  0.99932176  0.03675503],[-0.00153948 -0.03675854  0.99932299]
2013-03-31 05:33:43.306462; (0.1154911230763505, -0.024118393539161884, 2.2405112880209974)rot: [  9.99997880e-01   1.99770149e-03   4.99425117e-04],[-0.0020157   0.99923353  0.03909341],[ -4.20945365e-04  -3.90943302e-02   9.99235436e-01]
2013-03-31 05:33:43.377598; (0.13053014789509063, -0.17683530585825544, 3.137139125685929)rot: [ 0.99999264  0.00210586  0.0032064 ],[-0.00227817  0.9984992   0.05471889],[-0.00308635 -0.05472579  0.99849665]
2013-03-31 05:33:43.427322; (0.15975156848609223, -0.9730697660161849, 2.440498608374502)rot: [ 0.9998519   0.00206252  0.01708571],[-0.00278779  0.99909111  0.04253438],[-0.01698245 -0.04257572  0.9989489 ]
2013-03-31 05:33:43.477318; (0.11892189855274189, 0.11565630996941928, 1.9398461752920038)rot: [ 0.99999581  0.00214272 -0.00194716],[-0.00207557  0.99942462  0.03385435],[ 0.00201858 -0.03385017  0.99942488]
2013-03-31 05:33:43.527528; (0.09465149601555646, 0.7160619687153434, 2.667180658734685)rot: [ 0.99992054  0.00223174 -0.01240688],[-0.00165185  0.99891437  0.04655483],[ 0.01249731 -0.04653064  0.99883868]
2013-03-31 05:33:43.579270; (0.07055195115620139, 0.8169557340651447, 2.0472173989135145)rot: [ 0.99989759  0.00173992 -0.01420498],[-0.00123124  0.99936034  0.0357406 ],[ 0.01425808 -0.03571945  0.99926014]
2013-03-31 05:33:43.627513; (0.09913677973817964, -0.27846607050880057, 1.7412391881379339)rot: [ 0.99998669  0.00158179  0.00491045],[-0.00173024  0.99953701  0.03037723],[-0.00486013 -0.03038532  0.99952644]
2013-03-31 05:33:43.677654; (0.09219570290065998, 0.10475059480721768, 2.1870999798748874)rot: [ 0.99999703  0.00167772 -0.0017655 ],[-0.00160912  0.99927013  0.03816572],[ 0.00182824 -0.03816276  0.99926986]
2013-03-31 05:33:43.727392; (0.08441913097769484, 0.0763402659417146, 2.131321592561434)rot: [ 0.99999803  0.00152192 -0.00127667],[-0.00147339  0.99930705  0.03719192],[ 0.00133239 -0.03718997  0.99930733]
2013-03-31 05:33:43.827227; (0.050854980417712435, 1.3572289119263454, 2.199516739850843)rot: [ 0.99971906  0.00179598 -0.02363437],[ -8.87337720e-04   9.99262040e-01   3.84003735e-02],[ 0.0236859  -0.03836861  0.9989829 ]
2013-03-31 05:33:44.098636; (0.07197256108928517, 0.8770370185841965, 2.6038256748747974)rot: [ 0.99988206  0.00195023 -0.0152337 ],[-0.00125601  0.99896588  0.04544886],[ 0.01530659 -0.04542437  0.99885051]
2013-03-31 05:33:44.177540; (0.10410460562009953, -0.01067650083991054, 3.4420008863977625)rot: [  9.99998332e-01   1.80250199e-03   2.95090935e-04],[-0.00181697  0.99819446  0.06003768],[ -1.86340091e-04  -6.00381200e-02   9.98196068e-01]
2013-03-31 05:33:44.227293; (0.10307177139581103, -0.0993476405574025, 3.0078488281344296)rot: [ 0.99999688  0.00170548  0.00182595],[-0.00179894  0.9986209   0.05246956],[-0.00173394 -0.05247268  0.99862085]
2013-03-31 05:33:44.306054; (0.08135305966581338, 0.08128389825624135, 2.259222510081796)rot: [ 0.99999799  0.0014747  -0.00136159],[-0.00141988  0.99922162  0.03942263],[ 0.00141867 -0.03942061  0.9992217 ]
2013-03-31 05:33:44.377428; (0.006070064628756982, 1.7066695425049128, 2.780589196327924)rot: [ 0.99955639  0.00155061 -0.02974239],[ -1.05895617e-04   9.98822471e-01   4.85145403e-02],[ 0.0297826  -0.04848987  0.99837955]
2013-03-31 05:33:44.427492; (0.05408092411034867, 0.5149512149918982, 1.2818671110329147)rot: [ 0.99995917  0.00114471 -0.0089641 ],[ -9.43851926e-04   9.99749104e-01   2.23794064e-02],[ 0.00898747 -0.02237003  0.99970936]
2013-03-31 05:33:44.477231; (0.04919939703798338, 0.3420825043952531, 0.4286818550925671)rot: [  9.99981808e-01   9.03337118e-04  -5.96383664e-03],[ -8.58676058e-04   9.99971604e-01   7.48696387e-03],[ 0.00597043 -0.00748171  0.99995419]
2013-03-31 05:33:44.527429; (0.043695692888719176, 1.14080356874835, 0.40537146151795483)rot: [  9.99801496e-01   9.03474110e-04  -1.99035631e-02],[ -7.62482472e-04   9.99974574e-01   7.09018886e-03],[ 0.01990946 -0.00707361  0.99977676]
2013-03-31 05:33:44.579118; (0.04955316589859815, 0.4831121516756045, 0.246173892767114)rot: [  9.99964078e-01   9.01085282e-04  -8.42800089e-03],[ -8.64835047e-04   9.99990365e-01   4.30382244e-03],[ 0.0084318  -0.00429638  0.99995522]
2013-03-31 05:33:44.627340; (0.03080440912084925, -0.4465450349327258, -0.2809684973588716)rot: [  9.99969485e-01   5.75850179e-04   7.79087091e-03],[ -5.37622009e-04   9.99987811e-01  -4.90799510e-03],[-0.0077936   0.00490366  0.99995761]
2013-03-31 05:33:44.677598; (0.022970554874865826, -0.46296687418124144, -0.20343885192461267)rot: [  9.99967274e-01   4.29599429e-04   8.07873326e-03],[ -4.00898715e-04   9.99993604e-01  -3.55390948e-03],[-0.00808021  0.00355055  0.99996105]
2013-03-31 05:33:44.727481; (0.024408056712668245, -0.12062835905043373, 0.16871894246608693)rot: [  9.99997693e-01   4.19799446e-04   2.10660561e-03],[ -4.25999997e-04   9.99995576e-01   2.94379965e-03],[-0.00210536 -0.00294469  0.99999345]
2013-03-31 05:33:44.820994; (0.027108775370900718, -1.023845663486531, 1.4816809313481183)rot: [  9.99840233e-01   1.09468553e-05   1.78747845e-02],[ -4.73061830e-04   9.99665750e-01   2.58488741e-02],[-0.01786853 -0.0258532   0.99950604]
2013-03-31 05:33:45.397283; (0.01876525003912898, -0.6224226821967029, 1.776127860431767)rot: [  9.99940941e-01  -9.33663468e-06   1.08680429e-02],[ -3.27496067e-04   9.99519617e-01   3.09907567e-02],[-0.01086311 -0.03099249  0.99946058]
2013-03-31 05:33:45.479844; (0.009406166067598108, -0.507428577298981, 1.6394186009502885)rot: [  9.99960770e-01  -8.92682697e-05   8.85725514e-03],[ -1.64162129e-04   9.99590697e-01   2.86078945e-02],[-0.00885618 -0.02860823  0.99955147]
2013-03-31 05:33:45.527678; (0.07183164706576528, -2.458202090156905, 2.0744456833512595)rot: [  9.99078991e-01  -2.99674341e-04   4.29077978e-02],[-0.00125254  0.9993458   0.03614423],[-0.04289056 -0.03616469  0.99842502]
2013-03-31 05:33:45.579039; (0.07534862986976949, -2.643431644811335, 2.371579754169524)rot: [  9.98935033e-01  -5.94500766e-04   4.61350952e-02],[-0.00131368  0.99914512  0.04131942],[-0.04612022 -0.04133602  0.99808029]
2013-03-31 05:33:45.627319; (0.038943903168205195, -1.9929639309475498, 2.1143631115347636)rot: [  9.99394874e-01  -6.03825028e-04   3.47781608e-02],[ -6.79288135e-04   9.99319818e-01   3.68705926e-02],[-0.03477677 -0.03687191  0.99871469]
2013-03-31 05:33:45.677565; (0.03325224312466443, -1.8251400115116745, 1.5981684847195692)rot: [  9.99492514e-01  -3.08131896e-04   3.18531071e-02],[ -5.80066666e-04   9.99611354e-01   2.78712036e-02],[-0.03184932 -0.02787554  0.99910389]
2013-03-31 05:33:45.727429; (-0.015395189647812196, -0.49061614434514855, 1.8416706286525297)rot: [  9.99963303e-01  -5.43745272e-04   8.54970376e-03],[  2.68686894e-04   9.99483341e-01   3.21399799e-02],[-0.00856276 -0.0321365   0.99944681]
2013-03-31 05:33:45.808468; (-0.021899033512306723, -0.18048805442125443, 1.831933994715298)rot: [  9.99994965e-01  -4.82716921e-04   3.13627691e-03],[  3.82208332e-04   9.99488787e-01   3.19690336e-02],[-0.00315011 -0.03196767  0.99948394]
2013-03-31 05:33:45.951619; (0.002257511272626266, -0.7833723381087133, 2.594088637180179)rot: [  9.99906533e-01  -5.79433043e-04   1.36597734e-02],[ -3.93973219e-05   9.98975268e-01   4.52593832e-02],[-0.013672   -0.04525569  0.99888187]
